0.00			   0.00 		      0.01
0.22			   0.00 		      0.00
0.22			   0.74 		      0.00
0.00			   0.74 		      0.00
0.00			   0.73 		      0.01
0.00			   1.55 		      0.00
0.08			   1.55 		      0.00
0.00			   0.93 		      0.00
0.00			   0.41 		      0.00
0.02			   0.41 		      0.00
0.00			   1.08 		      0.00
0.00			   1.21 		      0.00
0.00			   1.21 		      0.00
0.00			   0.83 		      0.00
0.00			   1.35 		      0.65
0.00			   1.35 		      0.65
0.02			   0.95 		      1.22
0.02			   0.06 		      1.24
0.00			   0.06 		      1.24
0.00			   0.00 		      0.73
0.00			   0.00 		      0.77
0.00			   0.00 		      0.77
0.00			   0.00 		      1.15
0.00			   0.00 		      1.45
0.00			   0.00 		      1.45
0.00			   0.00 		      0.57
0.00			   0.00 		      0.99
0.00			   0.00 		      0.99
0.00			   0.00 		      0.90
0.00			   0.00 		      0.54
0.00			   0.00 		      0.54
0.00			   0.00 		      0.28
0.00			   0.00 		      0.01
