0.00			   0.01 		      0.00
0.00			   0.22 		      0.00
0.00			   0.22 		      0.00
0.00			   0.92 		      0.00
0.00			   0.84 		      0.00
0.00			   0.84 		      0.00
0.00			   0.78 		      0.00
0.00			   1.28 		      0.00
0.00			   1.28 		      0.00
0.00			   1.24 		      0.00
0.00			   0.45 		      0.72
0.00			   0.45 		      0.86
0.00			   1.06 		      0.86
0.85			   0.19 		      1.53
0.85			   0.19 		      0.83
0.23			   0.23 		      0.83
0.00			   1.44 		      0.53
0.00			   1.44 		      1.12
0.00			   0.67 		      1.12
0.08			   0.03 		      1.14
0.08			   0.03 		      0.68
0.00			   0.00 		      0.68
0.02			   0.00 		      1.22
0.02			   0.00 		      0.92
0.00			   0.00 		      0.92
